semiMajorAxis = { 7800000.0, 2800000.0, 3300000.0,
			2800000.0, 2800000.0, 3300000.0, 2800000.0, 5000000, 5000000,
			5000000, 5000000, 5000000, 5000000, 5000000, 5000000, 5000000,
			5000000, 5000000, 5000000, 5000000, 5000000 };
eccentricity = { 0.1, 0.1, 0.1, 0.1, 0.1, 0.1, 0.1,
			0, 0, 0, 0, 0, 0, 0, 0, 0, 0, 0, 0, 0, 0 };
inclination = { 0.5, 1.4, 0.8, 1.9, 1.4, 0.8, 1.9,
			1.771509191, 1.771509191, 1.804775166, 1.804775166, 1.812925854,
			1.812925854, 1.789695522, 1.789695522, 1.752851621, 1.752851621,
			1.730089037, 1.730089037, 1.738353171, 1.738353171 };
argOfPeriapsis = { 0, 0, 0, 0, 0, 0, 0, 0, 0, 0, 0,
			0, 0, 0, 0, 0, 0, 0, 0, 0, 0 };
RAAN = { 0, 3.5, 5.5, 0.2, 3.5, 5.5, 0.2, 0, 0,
			0.900396162, 0.900396162, 1.80601435, 1.80601435, 2.709623664,
			2.709623664, 3.606426193, 3.606426193, 4.498324348, 4.498324348,
			5.389297477, 5.389297477 };
trueAnomaly = { 0, 5.5, 6.2, 4.0, 4.7, 5.4, 3.1, 0,
			3.141592654, 1.362641379, 4.504241014, 2.746031232, 5.887623886,
			4.121821921, 0.980234504, 5.467802387, 2.326209734, 0.501590174,
			3.643182827, 1.81158195, 4.953174604 };
